 -4.4367858e-002
 -4.4879302e-002
 -4.4538340e-002
 -4.3344971e-002
 -4.2918768e-002
 -4.2663046e-002
 -4.1895881e-002
 -4.1895881e-002
 -4.3004009e-002
 -4.3771174e-002
 -4.4453099e-002
 -4.5475986e-002
 -4.5987430e-002
 -4.6157911e-002
 -4.5561227e-002
 -4.5305505e-002
 -4.4964543e-002
 -4.4197377e-002
 -4.3515452e-002
 -4.4453099e-002
 -4.5902189e-002
 -4.6157911e-002
 -4.6754595e-002
 -4.7266039e-002
 -4.6669355e-002
 -4.5902189e-002
 -4.4964543e-002
 -4.4538340e-002
 -4.3089249e-002
 -4.2577806e-002
 -4.3344971e-002
 -4.3941655e-002
 -4.4282618e-002
 -4.4367858e-002
 -4.5987430e-002
 -4.6157911e-002
 -4.4623580e-002
 -4.4026896e-002
 -4.3600693e-002
 -4.3344971e-002
 -4.2918768e-002
 -4.3515452e-002
 -4.4112137e-002
 -4.5305505e-002
 -4.5902189e-002
 -4.6839836e-002
 -4.7521761e-002
 -4.6925076e-002
 -4.6413633e-002
 -4.5731708e-002
 -4.4964543e-002
 -4.4282618e-002
 -4.4623580e-002
 -4.6157911e-002
 -4.7266039e-002
 -4.7266039e-002
 -4.8033204e-002
 -4.8203685e-002
 -4.7180798e-002
 -4.6328392e-002
 -4.5987430e-002
 -4.4623580e-002
 -4.3685933e-002
 -4.3685933e-002
 -4.4197377e-002
 -4.4623580e-002
 -4.6072670e-002
 -4.6157911e-002
 -4.6839836e-002
 -4.5305505e-002
 -4.4623580e-002
 -4.4282618e-002
 -4.3771174e-002
 -4.3344971e-002
 -4.3856415e-002
 -4.4879302e-002
 -4.6072670e-002
 -4.7010317e-002
 -4.8033204e-002
 -4.8118445e-002
 -4.7607001e-002
 -4.7351279e-002
 -4.6839836e-002
 -4.6584114e-002
 -4.5049783e-002
 -4.5049783e-002
 -4.6243152e-002
 -4.7266039e-002
 -4.7266039e-002
 -4.8118445e-002
 -4.8288926e-002
 -4.7351279e-002
 -4.6839836e-002
 -4.6243152e-002
 -4.5220264e-002
 -4.4112137e-002
 -4.3771174e-002
 -4.4112137e-002
 -4.4964543e-002
 -4.5561227e-002
 -4.6584114e-002
 -4.7521761e-002
 -4.6839836e-002
 -4.5646467e-002
 -4.5220264e-002
 -4.4964543e-002
 -4.4282618e-002
 -4.3856415e-002
 -4.5475986e-002
 -4.6072670e-002
 -4.6754595e-002
 -4.8118445e-002
 -4.9226573e-002
 -4.8800370e-002
 -4.8033204e-002
 -4.7521761e-002
 -4.6839836e-002
 -4.5987430e-002
 -4.5475986e-002
 -4.7010317e-002
 -4.8203685e-002
 -4.8203685e-002
 -4.8970851e-002
 -4.9482294e-002
 -4.9226573e-002
 -4.7777482e-002
 -4.6584114e-002
 -4.6413633e-002
 -4.5475986e-002
 -4.4964543e-002
 -4.5475986e-002
 -4.5561227e-002
 -4.6157911e-002
 -4.6669355e-002
 -4.7947964e-002
 -4.8288926e-002
 -4.6328392e-002
 -4.5902189e-002
 -4.5561227e-002
 -4.4794061e-002
 -4.4879302e-002
 -4.5475986e-002
 -4.6413633e-002
 -4.7010317e-002
 -4.7777482e-002
 -4.8544648e-002
 -4.9311813e-002
 -4.8970851e-002
 -4.8033204e-002
 -4.7521761e-002
 -4.6754595e-002
 -4.5816949e-002
 -4.6243152e-002
 -4.7692242e-002
 -4.8459407e-002
 -4.8033204e-002
 -4.9141332e-002
 -4.9056091e-002
 -4.7777482e-002
 -4.7521761e-002
 -4.6754595e-002
 -4.5646467e-002
 -4.4708821e-002
 -4.5049783e-002
 -4.5646467e-002
 -4.6243152e-002
 -4.6328392e-002
 -4.7521761e-002
 -4.7862723e-002
 -4.6754595e-002
 -4.6072670e-002
 -4.5646467e-002
 -4.5220264e-002
 -4.4112137e-002
 -4.4879302e-002
 -4.6072670e-002
 -4.7266039e-002
 -4.7777482e-002
 -4.8970851e-002
 -4.9311813e-002
 -4.8800370e-002
 -4.8544648e-002
 -4.7607001e-002
 -4.7266039e-002
 -4.6498873e-002
 -4.6157911e-002
 -4.7266039e-002
 -4.8033204e-002
 -4.8374167e-002
 -4.9141332e-002
 -4.9482294e-002
 -4.8885610e-002
 -4.7607001e-002
 -4.7095558e-002
 -4.6243152e-002
 -4.5305505e-002
 -4.4879302e-002
 -4.5646467e-002
 -4.5902189e-002
 -4.6243152e-002
 -4.7095558e-002
 -4.8374167e-002
 -4.7607001e-002
 -4.6498873e-002
 -4.5646467e-002
 -4.5646467e-002
 -4.4282618e-002
 -4.4623580e-002
 -4.5731708e-002
 -4.6328392e-002
 -4.7180798e-002
 -4.8203685e-002
 -4.9056091e-002
 -4.9141332e-002
 -4.8544648e-002
 -4.8118445e-002
 -4.7862723e-002
 -4.6669355e-002
 -4.6498873e-002
 -4.7947964e-002
 -4.8374167e-002
 -4.9141332e-002
 -4.9056091e-002
 -4.9993738e-002
 -4.9226573e-002
 -4.8374167e-002
 -4.7010317e-002
 -4.6157911e-002
 -4.4964543e-002
 -4.4623580e-002
 -4.5220264e-002
 -4.5475986e-002
 -4.6413633e-002
 -4.6754595e-002
 -4.7777482e-002
 -4.8033204e-002
 -4.6669355e-002
 -4.5816949e-002
 -4.5816949e-002
 -4.5220264e-002
 -4.4879302e-002
 -4.5646467e-002
 -4.6669355e-002
 -4.7266039e-002
 -4.8544648e-002
 -4.9652776e-002
 -4.9908497e-002
 -4.9397054e-002
 -4.8629888e-002
 -4.8459407e-002
 -4.7521761e-002
 -4.6669355e-002
 -4.7010317e-002
 -4.7862723e-002
 -4.9056091e-002
 -4.9141332e-002
 -4.9908497e-002
 -4.9908497e-002
 -4.8970851e-002
 -4.8203685e-002
 -4.7436520e-002
 -4.6243152e-002
 -4.5220264e-002
 -4.5135024e-002
 -4.5561227e-002
 -4.6498873e-002
 -4.6754595e-002
 -4.7777482e-002
 -4.8374167e-002
 -4.7180798e-002
 -4.6157911e-002
 -4.5816949e-002
 -4.5816949e-002
 -4.4708821e-002
 -4.5135024e-002
 -4.6072670e-002
 -4.6754595e-002
 -4.7862723e-002
 -4.9226573e-002
 -4.9908497e-002
 -4.8800370e-002
 -4.8033204e-002
 -4.8033204e-002
 -4.7436520e-002
 -4.6328392e-002
 -4.6157911e-002
 -4.7351279e-002
 -4.8203685e-002
 -4.8715129e-002
 -4.9311813e-002
 -4.9311813e-002
 -4.8459407e-002
 -4.7436520e-002
 -4.6498873e-002
 -4.6072670e-002
 -4.5049783e-002
 -4.4367858e-002
 -4.4964543e-002
 -4.5816949e-002
 -4.6072670e-002
 -4.6754595e-002
 -4.7436520e-002
 -4.7010317e-002
 -4.5816949e-002
 -4.5049783e-002
 -4.4964543e-002
 -4.4453099e-002
 -4.3941655e-002
 -4.5049783e-002
 -4.5475986e-002
 -4.6157911e-002
 -4.6754595e-002
 -4.7947964e-002
 -4.7521761e-002
 -4.6925076e-002
 -4.5987430e-002
 -4.5390746e-002
 -4.4623580e-002
 -4.3430212e-002
 -4.4197377e-002
 -4.4367858e-002
 -4.4367858e-002
 -4.4026896e-002
 -4.4453099e-002
 -4.3941655e-002
 -4.2918768e-002
 -4.1043475e-002
 -4.0020588e-002
 -3.8486257e-002
 -3.7719091e-002
 -3.7633851e-002
 -3.8145294e-002
 -3.8486257e-002
 -3.8912460e-002
 -3.9253422e-002
 -3.9082941e-002
 -3.7378129e-002
 -3.6866685e-002
 -3.6099520e-002
 -3.5332354e-002
 -3.4650430e-002
 -3.5588076e-002
 -3.6525723e-002
 -3.7207648e-002
 -3.7292888e-002
 -3.8145294e-002
 -3.8315776e-002
 -3.6696204e-002
 -3.5588076e-002
 -3.4735670e-002
 -3.3201339e-002
 -3.1581768e-002
 -3.1240806e-002
 -3.2178452e-002
 -3.2519415e-002
 -3.2519415e-002
 -3.2860377e-002
 -3.2860377e-002
 -3.2007971e-002
 -3.1667009e-002
 -3.1240806e-002
 -3.0644121e-002
 -3.0473640e-002
 -3.1070324e-002
 -3.1922730e-002
 -3.2604655e-002
 -3.2945618e-002
 -3.3627542e-002
 -3.4735670e-002
 -3.3798024e-002
 -3.3201339e-002
 -3.2860377e-002
 -3.3201339e-002
 -3.3116099e-002
 -3.3542302e-002
 -3.4224227e-002
 -3.5843798e-002
 -3.6610964e-002
 -3.7633851e-002
 -3.8486257e-002
 -3.7974813e-002
 -3.7207648e-002
 -3.6099520e-002
 -3.5247114e-002
 -3.3457061e-002
 -3.2519415e-002
 -3.3457061e-002
 -3.3798024e-002
 -3.3030858e-002
 -3.2860377e-002
 -3.2007971e-002
 -3.0132678e-002
 -2.8257384e-002
 -2.6126369e-002
 -2.5188723e-002
 -2.2972467e-002
 -2.1949580e-002
 -2.1608618e-002
 -2.1267655e-002
 -2.1011933e-002
 -2.0756212e-002
 -2.1438136e-002
 -2.0415249e-002
 -1.8625196e-002
 -1.8113753e-002
 -1.8454715e-002
 -1.7517069e-002
 -1.7346587e-002
 -1.8028512e-002
 -1.8795678e-002
 -1.9051399e-002
 -1.9818565e-002
 -2.0670971e-002
 -2.0415249e-002
 -1.9818565e-002
 -1.9392362e-002
 -1.9989046e-002
 -1.9733324e-002
 -1.9989046e-002
 -2.2120061e-002
 -2.4165836e-002
 -2.5359204e-002
 -2.6723054e-002
 -2.9280272e-002
 -3.0047437e-002
 -3.0047437e-002
 -2.9962197e-002
 -3.0303159e-002
 -3.0132678e-002
 -3.0047437e-002
 -3.0985084e-002
 -3.1922730e-002
 -3.2775136e-002
 -3.2519415e-002
 -3.2860377e-002
 -3.2263693e-002
 -3.0047437e-002
 -2.8768828e-002
 -2.7575460e-002
 -2.5785407e-002
 -2.4080595e-002
 -2.3654392e-002
 -2.2887227e-002
 -2.2290542e-002
 -2.2034821e-002
 -2.1949580e-002
 -2.1267655e-002
 -1.9818565e-002
 -1.8369475e-002
 -1.6494181e-002
 -1.4789369e-002
 -1.2232151e-002
 -1.1550226e-002
 -1.1976429e-002
 -1.1635467e-002
 -1.1550226e-002
 -1.1805948e-002
 -1.1464986e-002
 -1.0186377e-002
 -8.6520460e-003
 -7.4586776e-003
 -6.1800685e-003
 -5.2424219e-003
 -5.4129031e-003
 -6.2653091e-003
 -6.7767527e-003
 -7.1177151e-003
 -8.3110836e-003
 -8.9077678e-003
 -8.2258430e-003
 -7.7143994e-003
 -7.4586776e-003
 -7.9701212e-003
 -7.7996400e-003
 -9.1634896e-003
 -1.1550226e-002
 -1.3596001e-002
 -1.5727016e-002
 -1.7687550e-002
 -2.0415249e-002
 -2.0670971e-002
 -2.1352896e-002
 -2.1267655e-002
 -2.2034821e-002
 -2.2205302e-002
 -2.3739633e-002
 -2.5785407e-002
 -2.8513106e-002
 -3.0558881e-002
 -3.3457061e-002
 -3.5161873e-002
 -3.6014279e-002
 -3.6866685e-002
 -3.7292888e-002
 -3.8230535e-002
 -3.8486257e-002
 -3.8571497e-002
 -3.9935347e-002
 -4.0702512e-002
 -4.1469678e-002
 -4.2151603e-002
 -4.2748287e-002
 -4.2748287e-002
 -4.1128715e-002
 -4.0617272e-002
 -4.1469678e-002
 -4.1299197e-002
 -4.1384437e-002
 -4.3004009e-002
 -4.4026896e-002
 -4.5731708e-002
 -4.7436520e-002
 -4.8885610e-002
 -4.8885610e-002
 -4.8544648e-002
 -4.8118445e-002
 -4.8118445e-002
 -4.7521761e-002
 -4.7692242e-002
 -4.8800370e-002
 -4.9567535e-002
 -5.0078979e-002
 -5.0419941e-002
 -5.1187106e-002
 -5.1016625e-002
 -5.0675663e-002
 -4.9738016e-002
 -4.9311813e-002
 -4.8800370e-002
 -4.8629888e-002
 -4.9908497e-002
 -5.0931385e-002
 -5.1101866e-002
 -5.1869031e-002
 -5.3318122e-002
 -5.3403362e-002
 -5.2465716e-002
 -5.1698550e-002
 -5.1869031e-002
 -5.1187106e-002
 -5.1101866e-002
 -5.1783791e-002
 -5.2550956e-002
 -5.3659084e-002
 -5.4170528e-002
 -5.4937693e-002
 -5.5363896e-002
 -5.4767212e-002
 -5.4000046e-002
 -5.3573843e-002
 -5.2977159e-002
 -5.1954272e-002
 -5.2721437e-002
 -5.3488603e-002
 -5.4426249e-002
 -5.4085287e-002
 -5.4511490e-002
 -5.5449137e-002
 -5.4341009e-002
 -5.3062400e-002
 -5.2465716e-002
 -5.1783791e-002
 -5.0334700e-002
 -5.0760903e-002
 -5.1187106e-002
 -5.1954272e-002
 -5.2124753e-002
 -5.3318122e-002
 -5.4170528e-002
 -5.2721437e-002
 -5.1528069e-002
 -5.1357588e-002
 -5.1187106e-002
 -5.0505182e-002
 -5.0760903e-002
 -5.1613310e-002
 -5.2977159e-002
 -5.3744325e-002
 -5.4341009e-002
 -5.4767212e-002
 -5.4255768e-002
 -5.3914806e-002
 -5.3488603e-002
 -5.3062400e-002
 -5.2124753e-002
 -5.1783791e-002
 -5.3318122e-002
 -5.4085287e-002
 -5.4341009e-002
 -5.5022934e-002
 -5.5363896e-002
 -5.4511490e-002
 -5.3488603e-002
 -5.2550956e-002
 -5.1783791e-002
 -5.0931385e-002
 -4.9993738e-002
 -5.0846144e-002
 -5.0931385e-002
 -5.2209994e-002
 -5.2977159e-002
 -5.4341009e-002
 -5.3318122e-002
 -5.1869031e-002
 -5.1101866e-002
 -5.1016625e-002
 -5.0675663e-002
 -5.0249460e-002
 -5.1442828e-002
 -5.2124753e-002
 -5.3062400e-002
 -5.4341009e-002
 -5.5193415e-002
 -5.5022934e-002
 -5.4681971e-002
 -5.4085287e-002
 -5.3573843e-002
 -5.2891919e-002
 -5.2295234e-002
 -5.3062400e-002
 -5.3829565e-002
 -5.4255768e-002
 -5.4681971e-002
 -5.5193415e-002
 -5.4937693e-002
 -5.3914806e-002
 -5.2977159e-002
 -5.2295234e-002
 -5.1613310e-002
 -5.0846144e-002
 -5.1442828e-002
 -5.1272347e-002
 -5.2295234e-002
 -5.2209994e-002
 -5.2891919e-002
 -5.3232881e-002
 -5.2039513e-002
 -5.1101866e-002
 -5.1016625e-002
 -5.0675663e-002
 -4.9993738e-002
 -5.1016625e-002
 -5.1783791e-002
 -5.2636197e-002
 -5.3232881e-002
 -5.4170528e-002
 -5.4170528e-002
 -5.3573843e-002
 -5.2721437e-002
 -5.2636197e-002
 -5.1698550e-002
 -5.0760903e-002
 -5.1357588e-002
 -5.2806678e-002
 -5.2891919e-002
 -5.3062400e-002
 -5.3914806e-002
 -5.3829565e-002
 -5.2891919e-002
 -5.1613310e-002
 -5.1272347e-002
 -5.0419941e-002
 -4.9226573e-002
 -4.9652776e-002
 -4.9652776e-002
 -5.0164219e-002
 -5.0931385e-002
 -5.1357588e-002
 -5.1528069e-002
 -5.0590422e-002
 -5.0164219e-002
 -4.9738016e-002
 -4.9482294e-002
 -4.8715129e-002
 -4.8800370e-002
 -5.0505182e-002
 -5.0931385e-002
 -5.1442828e-002
 -5.2636197e-002
 -5.3403362e-002
 -5.2721437e-002
 -5.1954272e-002
 -5.1442828e-002
 -5.1272347e-002
 -4.9993738e-002
 -4.9226573e-002
 -5.0760903e-002
 -5.1016625e-002
 -5.1442828e-002
 -5.1954272e-002
 -5.2209994e-002
 -5.1272347e-002
 -5.0334700e-002
 -4.9226573e-002
 -4.8885610e-002
 -4.8118445e-002
 -4.7777482e-002
 -4.7521761e-002
 -4.8374167e-002
 -4.9141332e-002
 -4.9311813e-002
 -5.0249460e-002
 -4.9567535e-002
 -4.8203685e-002
 -4.7266039e-002
 -4.7266039e-002
 -4.6157911e-002
 -4.5902189e-002
 -4.6839836e-002
 -4.7607001e-002
 -4.8288926e-002
 -4.8885610e-002
 -4.9482294e-002
 -4.9311813e-002
 -4.8970851e-002
 -4.8203685e-002
 -4.8033204e-002
 -4.7010317e-002
 -4.6669355e-002
 -4.7521761e-002
 -4.8033204e-002
 -4.8459407e-002
 -4.8629888e-002
 -4.9652776e-002
 -4.9397054e-002
 -4.8203685e-002
 -4.6413633e-002
 -4.6157911e-002
 -4.5049783e-002
 -4.4112137e-002
 -4.4453099e-002
 -4.4879302e-002
 -4.5305505e-002
 -4.5475986e-002
 -4.5987430e-002
 -4.6669355e-002
 -4.5049783e-002
 -4.3685933e-002
 -4.2918768e-002
 -4.2236843e-002
 -4.1213956e-002
 -4.1640159e-002
 -4.2236843e-002
 -4.2748287e-002
 -4.3600693e-002
 -4.4112137e-002
 -4.4623580e-002
 -4.3941655e-002
 -4.3430212e-002
 -4.3430212e-002
 -4.2833527e-002
 -4.2236843e-002
 -4.2236843e-002
 -4.3685933e-002
 -4.4794061e-002
 -4.5049783e-002
 -4.6839836e-002
 -4.8033204e-002
 -4.8033204e-002
 -4.8459407e-002
 -4.9567535e-002
 -5.0419941e-002
 -5.1954272e-002
 -5.5193415e-002
 -5.9029242e-002
 -6.2950310e-002
 -6.7212340e-002
 -7.2326776e-002
 -7.6674047e-002
 -8.0424633e-002
 -8.4175220e-002
 -8.7158641e-002
 -9.0653505e-002
 -9.3892648e-002
 -9.6194144e-002
 -9.9177566e-002
 -1.0250195e-001
 -1.0463296e-001
 -1.0684922e-001
 -1.0804259e-001
 -1.0659350e-001
 -1.0173478e-001
 -9.6279385e-002
 -9.2528799e-002
 -8.6476716e-002
 -7.7782174e-002
 -6.8320468e-002
 -5.7239189e-002
 -4.6072670e-002
 -3.4735670e-002
 -2.5273963e-002
 -1.4959851e-002
 -4.6457377e-003
  8.2255932e-003
  2.2290293e-002
  3.9594135e-002
  6.2097654e-002
  8.6476466e-002
  1.1170768e-001
  1.3395548e-001
  1.5569184e-001
  1.7921824e-001
  2.0470518e-001
  2.3044784e-001
  2.5576430e-001
  2.8082504e-001
  3.1142642e-001
  3.4390308e-001
  3.7663548e-001
  4.1090220e-001
  4.4840806e-001
  4.8523200e-001
  5.1660054e-001
  5.4924770e-001
  5.8334394e-001
  6.1982691e-001
  6.6133909e-001
  7.0378891e-001
  7.3779991e-001
  7.7129946e-001
  8.0317945e-001
  8.3309890e-001
  8.5858584e-001
  8.8160080e-001
  9.0580913e-001
  9.2567019e-001
  9.4476409e-001
  9.6539232e-001
  9.8226995e-001
  9.9249883e-001
  9.9539701e-001
  9.9812471e-001
  9.9982952e-001
  9.9744278e-001
  9.9497080e-001
  9.9769850e-001
  1.0000000e+000
  9.9582321e-001
  9.8721391e-001
  9.7792268e-001
  9.6445467e-001
  9.4433789e-001
  9.2268677e-001
  9.0274047e-001
  8.8398754e-001
  8.6182498e-001
  8.3531516e-001
  8.0633335e-001
  7.7164043e-001
  7.3839659e-001
  7.0472655e-001
  6.7105652e-001
  6.3994370e-001
  6.0951280e-001
  5.8104244e-001
  5.5308352e-001
  5.2154450e-001
  4.8872687e-001
  4.5778453e-001
  4.2027866e-001
  3.7842553e-001
  3.3930009e-001
  3.0614150e-001
  2.7613681e-001
  2.4587639e-001
  2.1706507e-001
  1.8944711e-001
  1.5910146e-001
  1.3114254e-001
  1.0838330e-001
  8.9289406e-002
  7.4798504e-002
  6.4995834e-002
  5.5704609e-002
  4.4708571e-002
  3.2774887e-002
  2.3483661e-002
  1.4021954e-002
  4.3897661e-003
 -6.4357903e-003
 -1.5897497e-002
 -2.3739633e-002
 -3.1155565e-002
 -3.5673317e-002
 -3.8486257e-002
 -4.2322084e-002
 -4.7947964e-002
 -5.2977159e-002
 -5.9029242e-002
 -6.3206031e-002
 -6.5678009e-002
 -6.6189452e-002
 -6.6445174e-002
 -6.6104212e-002
 -6.5251806e-002
 -6.2950310e-002
 -6.1075016e-002
 -5.9284964e-002
 -5.7750633e-002
 -5.5363896e-002
 -5.3573843e-002
 -5.1954272e-002
 -4.9482294e-002
 -4.6157911e-002
 -4.2918768e-002
 -4.0532031e-002
 -3.7463370e-002
 -3.5417595e-002
 -3.4394708e-002
 -3.3883264e-002
 -3.2178452e-002
 -3.1411287e-002
 -3.0644121e-002
 -2.9876956e-002
 -2.8342625e-002
 -2.6978775e-002
 -2.6723054e-002
 -2.6041129e-002
 -2.5188723e-002
 -2.6552572e-002
 -2.7660700e-002
 -2.9280272e-002
 -2.9535994e-002
 -3.0558881e-002
 -3.0644121e-002
 -2.9791715e-002
 -2.9195031e-002
 -2.9109791e-002
 -2.8427866e-002
 -2.7916422e-002
 -2.8342625e-002
 -2.9195031e-002
 -2.9706475e-002
 -3.0558881e-002
 -3.1581768e-002
 -3.2604655e-002
 -3.1155565e-002
 -3.1070324e-002
 -3.0047437e-002
 -2.9706475e-002
 -2.9450753e-002
 -3.0303159e-002
 -3.0985084e-002
 -3.2434174e-002
 -3.3627542e-002
 -3.4479948e-002
 -3.5588076e-002
 -3.5161873e-002
 -3.4735670e-002
 -3.4650430e-002
 -3.4565189e-002
 -3.3457061e-002
 -3.3968505e-002
 -3.5758557e-002
 -3.6610964e-002
 -3.7122407e-002
 -3.7974813e-002
 -3.8230535e-002
 -3.7719091e-002
 -3.7207648e-002
 -3.6525723e-002
 -3.5843798e-002
 -3.5076633e-002
 -3.5588076e-002
 -3.5758557e-002
 -3.6866685e-002
 -3.6951926e-002
 -3.8145294e-002
 -3.8486257e-002
 -3.7378129e-002
 -3.6781445e-002
 -3.6099520e-002
 -3.6099520e-002
 -3.5673317e-002
 -3.5417595e-002
 -3.6696204e-002
 -3.7548610e-002
 -3.8486257e-002
 -3.9423903e-002
 -3.9850106e-002
 -3.9509144e-002
 -3.8997700e-002
 -3.8486257e-002
 -3.7889573e-002
 -3.7207648e-002
 -3.6781445e-002
 -3.8401016e-002
 -3.9423903e-002
 -3.9679625e-002
 -3.9935347e-002
 -4.0276309e-002
 -3.9679625e-002
 -3.8741979e-002
 -3.8060054e-002
 -3.7122407e-002
 -3.5843798e-002
 -3.5247114e-002
 -3.6014279e-002
 -3.6184761e-002
 -3.7463370e-002
 -3.7633851e-002
 -3.8741979e-002
 -3.8912460e-002
 -3.7548610e-002
 -3.6610964e-002
 -3.6610964e-002
 -3.6099520e-002
 -3.5758557e-002
 -3.7037167e-002
 -3.7548610e-002
 -3.8315776e-002
 -3.9168182e-002
 -4.0020588e-002
 -3.9764866e-002
 -3.9253422e-002
 -3.8912460e-002
 -3.8145294e-002
 -3.7804332e-002
 -3.7037167e-002
 -3.7548610e-002
 -3.8571497e-002
 -3.9168182e-002
 -3.9338663e-002
 -4.0020588e-002
 -3.9594385e-002
 -3.8145294e-002
 -3.7548610e-002
 -3.6525723e-002
 -3.5673317e-002
 -3.4735670e-002
 -3.5417595e-002
 -3.6014279e-002
 -3.6951926e-002
 -3.6951926e-002
 -3.7974813e-002
 -3.8145294e-002
 -3.6696204e-002
 -3.6184761e-002
 -3.5929039e-002
 -3.5417595e-002
 -3.4991392e-002
 -3.5417595e-002
 -3.6099520e-002
 -3.6951926e-002
 -3.7633851e-002
 -3.8486257e-002
 -3.9338663e-002
 -3.8571497e-002
 -3.7804332e-002
 -3.7378129e-002
 -3.6610964e-002
 -3.6099520e-002
 -3.5929039e-002
 -3.7292888e-002
 -3.8315776e-002
 -3.8060054e-002
 -3.9082941e-002
 -3.9082941e-002
 -3.7889573e-002
 -3.6781445e-002
 -3.6440482e-002
 -3.5758557e-002
 -3.4820911e-002
 -3.5076633e-002
 -3.5076633e-002
 -3.5758557e-002
 -3.6184761e-002
 -3.6525723e-002
 -3.7292888e-002
 -3.6951926e-002
 -3.5929039e-002
 -3.5673317e-002
 -3.5502836e-002
 -3.4906151e-002
 -3.4309467e-002
 -3.5247114e-002
 -3.6184761e-002
 -3.7037167e-002
 -3.8060054e-002
 -3.8912460e-002
 -3.8315776e-002
 -3.7804332e-002
 -3.6951926e-002
 -3.6355242e-002
 -3.5332354e-002
 -3.4991392e-002
 -3.6184761e-002
 -3.6951926e-002
 -3.7548610e-002
 -3.7974813e-002
 -3.8315776e-002
 -3.7292888e-002
 -3.6440482e-002
 -3.5502836e-002
 -3.4991392e-002
 -3.3712783e-002
 -3.3286580e-002
 -3.3798024e-002
 -3.4394708e-002
 -3.4991392e-002
 -3.5417595e-002
 -3.6355242e-002
 -3.6014279e-002
 -3.4565189e-002
 -3.3883264e-002
 -3.4138986e-002
 -3.3201339e-002
 -3.2860377e-002
 -3.3883264e-002
 -3.4735670e-002
 -3.5758557e-002
 -3.6270001e-002
 -3.6951926e-002
 -3.6866685e-002
 -3.6440482e-002
 -3.5673317e-002
 -3.5929039e-002
 -3.5161873e-002
 -3.4650430e-002
 -3.5332354e-002
 -3.5758557e-002
 -3.5758557e-002
 -3.5929039e-002
 -3.6610964e-002
 -3.6270001e-002
 -3.4906151e-002
 -3.4394708e-002
 -3.3542302e-002
 -3.2519415e-002
 -3.1837490e-002
 -3.2178452e-002
 -3.3116099e-002
 -3.3201339e-002
 -3.3286580e-002
 -3.4309467e-002
 -3.4650430e-002
 -3.3712783e-002
 -3.2519415e-002
 -3.2263693e-002
 -3.1581768e-002
 -3.1155565e-002
 -3.1411287e-002
 -3.2178452e-002
 -3.3116099e-002
 -3.3542302e-002
 -3.4735670e-002
 -3.4991392e-002
 -3.4565189e-002
 -3.3627542e-002
 -3.2860377e-002
 -3.2519415e-002
 -3.1155565e-002
 -3.1667009e-002
 -3.2604655e-002
 -3.3627542e-002
 -3.3457061e-002
 -3.4224227e-002
 -3.3968505e-002
 -3.3030858e-002
 -3.2263693e-002
 -3.1070324e-002
 -3.0473640e-002
 -2.9621234e-002
 -2.8768828e-002
 -2.9621234e-002
 -2.9621234e-002
 -3.0217918e-002
 -3.0729362e-002
 -3.1667009e-002
 -3.0558881e-002
 -2.9195031e-002
 -2.8427866e-002
 -2.8257384e-002
 -2.7149257e-002
 -2.7064016e-002
 -2.8001663e-002
 -2.8768828e-002
 -2.9450753e-002
 -3.0132678e-002
 -3.0985084e-002
 -3.0217918e-002
 -2.9535994e-002
 -2.8683588e-002
 -2.8598347e-002
 -2.7149257e-002
 -2.7234497e-002
 -2.7916422e-002
 -2.8939309e-002
 -2.9109791e-002
 -2.9280272e-002
 -2.9706475e-002
 -2.8854069e-002
 -2.7916422e-002
 -2.6552572e-002
 -2.5444445e-002
 -2.3910114e-002
 -2.3739633e-002
 -2.4251076e-002
 -2.4847760e-002
 -2.4677279e-002
 -2.4933001e-002
 -2.5359204e-002
 -2.4762520e-002
 -2.3739633e-002
 -2.2972467e-002
 -2.2546264e-002
 -2.1523377e-002
 -2.1267655e-002
 -2.2290542e-002
 -2.2716745e-002
 -2.3228189e-002
 -2.3910114e-002
 -2.4421557e-002
 -2.3654392e-002
 -2.3228189e-002
 -2.2716745e-002
 -2.1949580e-002
 -2.0756212e-002
 -1.9648084e-002
 -2.0330008e-002
 -2.1097174e-002
 -2.1267655e-002
 -2.0926693e-002
 -2.1693858e-002
 -2.1267655e-002
 -1.9818565e-002
 -1.8625196e-002
 -1.7858031e-002
 -1.6323700e-002
 -1.5386054e-002
 -1.5215572e-002
 -1.5556535e-002
 -1.5982738e-002
 -1.5812257e-002
 -1.6494181e-002
 -1.6408941e-002
 -1.4363166e-002
 -1.3169798e-002
 -1.2317392e-002
 -1.1805948e-002
 -1.0783061e-002
 -1.1294505e-002
 -1.1635467e-002
 -1.2061670e-002
 -1.2573114e-002
 -1.2828835e-002
 -1.2914076e-002
 -1.1805948e-002
 -1.1124023e-002
 -1.0015896e-002
 -9.0782490e-003
 -7.5439182e-003
 -7.5439182e-003
 -8.0553618e-003
 -8.3963242e-003
 -8.3110836e-003
 -8.2258430e-003
 -7.7996400e-003
 -6.3505497e-003
 -5.4981437e-003
 -4.1342941e-003
 -2.2590008e-003
 -8.0991059e-004
 -1.2798577e-004
 -4.6894818e-004
 -2.9846697e-004
  2.1297664e-004
  4.2495437e-005
  3.8345785e-004
  1.8325481e-003
  2.9406759e-003
  4.3045255e-003
  5.2421722e-003
  6.8617436e-003
  6.9469842e-003
  6.8617436e-003
  6.7765030e-003
  6.8617436e-003
  6.7765030e-003
  6.5207812e-003
  7.7993902e-003
  9.1632399e-003
  1.0612330e-002
  1.1635217e-002
  1.3340029e-002
  1.4362917e-002
  1.4448157e-002
  1.4021954e-002
  1.4789120e-002
  1.5044841e-002
  1.5471044e-002
  1.6920135e-002
  1.8710187e-002
  2.0244518e-002
  2.1864090e-002
  2.3909864e-002
  2.5614676e-002
  2.6552323e-002
  2.7063766e-002
  2.7830932e-002
  2.8001413e-002
  2.7830932e-002
  2.8683338e-002
  3.1070075e-002
  3.3030608e-002
  3.4394458e-002
  3.6014030e-002
  3.7548360e-002
  3.7974563e-002
  3.8145045e-002
  3.8486007e-002
  3.8997451e-002
  3.9082691e-002
  4.0531781e-002
  4.2236594e-002
  4.4197127e-002
  4.5646218e-002
  4.8203436e-002
  4.9652526e-002
  5.0334451e-002
  5.0590173e-002
  5.1101616e-002
  5.2806428e-002
  5.3147391e-002
  5.4340759e-002
  5.7068458e-002
  5.9369955e-002
  6.1415729e-002
  6.3887706e-002
  6.5933481e-002
  6.6871128e-002
  6.8064496e-002
  6.9087383e-002
  7.0025030e-002
  7.0706955e-002
  7.1815083e-002
  7.4372301e-002
  7.6929519e-002
  7.8890052e-002
  8.0850586e-002
  8.2896361e-002
  8.4174970e-002
  8.4686413e-002
  8.5027376e-002
  8.6135504e-002
  8.6817428e-002
  8.7840316e-002
  9.0056571e-002
  9.2443308e-002
  9.4318601e-002
  9.6364376e-002
  9.8665872e-002
  1.0054117e-001
  1.0062641e-001
  1.0156405e-001
  1.0318362e-001
  1.0395079e-001
  1.0548512e-001
  1.0821282e-001
  1.1017335e-001
  1.1221913e-001
  1.1435014e-001
  1.1682212e-001
  1.1886789e-001
  1.1980554e-001
  1.2099891e-001
  1.2176608e-001
  1.2193656e-001
  1.2278896e-001
  1.2568714e-001
  1.2807388e-001
  1.3029014e-001
  1.3173923e-001
  1.3361452e-001
  1.3489313e-001
  1.3540457e-001
  1.3600126e-001
  1.3617174e-001
  1.3685366e-001
  1.3779131e-001
  1.3924040e-001
  1.4137141e-001
  1.4307623e-001
  1.4486628e-001
  1.4733826e-001
  1.4887259e-001
  1.4938403e-001
  1.4972499e-001
  1.5091836e-001
  1.5151505e-001
  1.5194125e-001
  1.5407226e-001
  1.5628852e-001
  1.5833429e-001
  1.5986862e-001
  1.6259632e-001
  1.6361921e-001
  1.6464210e-001
  1.6498306e-001
  1.6609119e-001
  1.6660263e-001
  1.6660263e-001
  1.6796648e-001
  1.7026798e-001
  1.7188755e-001
  1.7325140e-001
  1.7512669e-001
  1.7683150e-001
  1.7640530e-001
  1.7666102e-001
  1.7708723e-001
  1.7742819e-001
  1.7691675e-001
  1.7776915e-001
  1.7964444e-001
  1.8109353e-001
  1.8245738e-001
  1.8407696e-001
  1.8544081e-001
  1.8561129e-001
  1.8527032e-001
  1.8518508e-001
  1.8586701e-001
  1.8586701e-001
  1.8680465e-001
  1.8791278e-001
  1.8876519e-001
  1.9047000e-001
  1.9166337e-001
  1.9319770e-001
  1.9268626e-001
  1.9234529e-001
  1.9174861e-001
  1.9174861e-001
  1.9123717e-001
  1.9012904e-001
  1.9140765e-001
  1.9191909e-001
  1.9183385e-001
  1.9243053e-001
  1.9166337e-001
  1.9081096e-001
  1.8936187e-001
  1.8757182e-001
  1.8637845e-001
  1.8390647e-001
  1.8262787e-001
  1.8220166e-001
  1.8143450e-001
  1.8058209e-001
  1.8007065e-001
  1.7964444e-001
  1.7811011e-001
  1.7470049e-001
  1.7188755e-001
  1.7009750e-001
  1.6754028e-001
  1.6532402e-001
  1.6472734e-001
  1.6285205e-001
  1.6182916e-001
  1.6046531e-001
  1.5859002e-001
  1.5679996e-001
  1.5390178e-001
  1.5100360e-001
  1.4784970e-001
  1.4461056e-001
  1.4103045e-001
  1.3941088e-001
  1.3762083e-001
  1.3557505e-001
  1.3327356e-001
  1.3063110e-001
  1.2824436e-001
  1.2466426e-001
  1.2057271e-001
  1.1724832e-001
  1.1349774e-001
  1.0983239e-001
  1.0736041e-001
  1.0480320e-001
  1.0224598e-001
  1.0011496e-001
  9.7983947e-002
  9.5938173e-002
  9.1846624e-002
  8.8437000e-002
  8.5283098e-002
  8.1873474e-002
  7.8549090e-002
  7.6247594e-002
  7.4798504e-002
  7.2326526e-002
  7.0792195e-002
  6.9002143e-002
  6.6871128e-002
  6.4058188e-002
  6.0989526e-002
  5.7665143e-002
  5.4937443e-002
  5.1698300e-002
  4.9396804e-002
  4.8118195e-002
  4.6669105e-002
  4.4367609e-002
  4.2577556e-002
  4.0787503e-002
  3.7718842e-002
  3.4820661e-002
  3.1581518e-002
  2.8768578e-002
  2.5785157e-002
  2.3824623e-002
  2.2460774e-002
  2.1011684e-002
  1.9562593e-002
  1.8880669e-002
  1.7516819e-002
  1.5044841e-002
  1.2402383e-002
  9.9304053e-003
  8.1403526e-003
  6.2650594e-003
  4.4750068e-003
  4.1340443e-003
  3.1963977e-003
  2.6849541e-003
  1.9177887e-003
  1.4063451e-003
 -6.3942938e-004
 -2.5147226e-003
 -4.1342941e-003
 -5.7538655e-003
 -7.7143994e-003
 -9.5044520e-003
 -9.5896926e-003
 -9.6749332e-003
 -1.0271617e-002
 -1.1891189e-002
 -1.2232151e-002
 -1.3766482e-002
 -1.5300813e-002
 -1.7517069e-002
 -1.8710437e-002
 -2.0841452e-002
 -2.2375783e-002
 -2.2631505e-002
 -2.2887227e-002
 -2.3483911e-002
 -2.3398670e-002
 -2.3398670e-002
 -2.3995354e-002
 -2.5870648e-002
 -2.7660700e-002
 -2.8172144e-002
 -2.9535994e-002
 -3.0473640e-002
 -2.9791715e-002
 -3.0047437e-002
 -2.9791715e-002
 -2.9280272e-002
 -2.9109791e-002
 -2.9450753e-002
 -3.0303159e-002
 -3.1240806e-002
 -3.2519415e-002
 -3.3457061e-002
 -3.4394708e-002
 -3.3798024e-002
 -3.3542302e-002
 -3.3286580e-002
 -3.3712783e-002
 -3.2775136e-002
 -3.3457061e-002
 -3.4906151e-002
 -3.6014279e-002
 -3.7719091e-002
 -3.8486257e-002
 -3.9850106e-002
 -3.9764866e-002
 -3.9594385e-002
 -3.9338663e-002
 -3.9168182e-002
 -3.8145294e-002
 -3.8401016e-002
 -3.9594385e-002
 -4.0361550e-002
 -4.0958234e-002
 -4.1640159e-002
 -4.2322084e-002
 -4.2236843e-002
 -4.1384437e-002
 -4.1043475e-002
 -4.0532031e-002
 -3.9338663e-002
 -3.8741979e-002
 -4.0191069e-002
 -4.0702512e-002
 -4.1384437e-002
 -4.1895881e-002
 -4.3259730e-002
 -4.3259730e-002
 -4.1981121e-002
 -4.1384437e-002
 -4.1384437e-002
 -4.1043475e-002
 -4.0617272e-002
 -4.1469678e-002
 -4.2322084e-002
 -4.3600693e-002
 -4.4453099e-002
 -4.5561227e-002
 -4.5561227e-002
 -4.5049783e-002
 -4.4453099e-002
 -4.4197377e-002
 -4.3685933e-002
 -4.2918768e-002
 -4.3941655e-002
 -4.5049783e-002
 -4.5646467e-002
 -4.5561227e-002
 -4.6413633e-002
 -4.7180798e-002
 -4.5731708e-002
 -4.4964543e-002
 -4.4453099e-002
 -4.3600693e-002
 -4.2663046e-002
 -4.3089249e-002
 -4.3515452e-002
 -4.4197377e-002
 -4.4453099e-002
 -4.5731708e-002
 -4.5816949e-002
 -4.4794061e-002
 -4.4026896e-002
 -4.3771174e-002
 -4.3515452e-002
 -4.3089249e-002
 -4.3515452e-002
 -4.4964543e-002
 -4.5816949e-002
 -4.6498873e-002
 -4.7947964e-002
 -4.7947964e-002
 -4.7095558e-002
 -4.6498873e-002
 -4.5816949e-002
 -4.5902189e-002
 -4.5135024e-002
 -4.5049783e-002
 -4.6925076e-002
 -4.7521761e-002
 -4.7266039e-002
 -4.8288926e-002
 -4.8459407e-002
 -4.7095558e-002
 -4.6584114e-002
 -4.5902189e-002
 -4.4794061e-002
 -4.4112137e-002
 -4.4112137e-002
 -4.4794061e-002
 -4.5135024e-002
 -4.5731708e-002
 -4.6157911e-002
 -4.7010317e-002
 -4.6243152e-002
 -4.5305505e-002
 -4.4964543e-002
 -4.5049783e-002
 -4.3515452e-002
 -4.3856415e-002
 -4.5305505e-002
 -4.6072670e-002
 -4.7180798e-002
 -4.8203685e-002
 -4.8970851e-002
 -4.8629888e-002
 -4.7862723e-002
 -4.7521761e-002
 -4.6925076e-002
 -4.6157911e-002
 -4.5646467e-002
 -4.6839836e-002
 -4.8033204e-002
 -4.8033204e-002
 -4.8715129e-002
 -4.9056091e-002
 -4.8715129e-002
 -4.7521761e-002
 -4.6669355e-002
 -4.6328392e-002
 -4.5390746e-002
 -4.4453099e-002
 -4.5135024e-002
 -4.5987430e-002
 -4.6328392e-002
 -4.7266039e-002
 -4.8374167e-002
 -4.8118445e-002
 -4.6669355e-002
 -4.6157911e-002
 -4.6243152e-002
 -4.5902189e-002
 -4.5220264e-002
 -4.6328392e-002
 -4.7095558e-002
 -4.8118445e-002
 -4.8885610e-002
 -4.9823257e-002
 -4.9738016e-002
 -4.9056091e-002
 -4.8715129e-002
 -4.8203685e-002
 -4.7436520e-002
 -4.7010317e-002
 -4.7180798e-002
 -4.8374167e-002
 -4.9397054e-002
 -4.9567535e-002
 -5.0078979e-002
 -5.0078979e-002
 -4.9397054e-002
 -4.8715129e-002
 -4.7862723e-002
 -4.6925076e-002
 -4.5902189e-002
 -4.6157911e-002
 -4.6584114e-002
 -4.7010317e-002
 -4.7692242e-002
 -4.8629888e-002
 -4.9397054e-002
 -4.8629888e-002
 -4.7777482e-002
 -4.7266039e-002
 -4.6839836e-002
 -4.6157911e-002
 -4.6925076e-002
 -4.7947964e-002
 -4.8374167e-002
 -4.9397054e-002
 -5.0590422e-002
 -5.1357588e-002
 -5.0760903e-002
 -5.0078979e-002
 -5.0249460e-002
 -4.9482294e-002
 -4.8288926e-002
 -4.8288926e-002
 -4.9652776e-002
 -5.0675663e-002
 -5.0846144e-002
 -5.1613310e-002
 -5.2039513e-002
 -5.1442828e-002
 -5.0846144e-002
 -4.9823257e-002
 -4.9056091e-002
 -4.8459407e-002
 -4.8033204e-002
 -4.8544648e-002
 -4.9397054e-002
 -4.9738016e-002
 -5.0334700e-002
 -5.1442828e-002
 -5.1187106e-002
 -4.9567535e-002
 -4.9738016e-002
 -4.9397054e-002
 -4.8629888e-002
 -4.8288926e-002
 -4.9738016e-002
 -5.0760903e-002
 -5.1357588e-002
 -5.2465716e-002
 -5.3403362e-002
 -5.3062400e-002
 -5.2550956e-002
 -5.2209994e-002
 -5.1528069e-002
 -5.1101866e-002
 -5.0505182e-002
 -5.1528069e-002
 -5.2977159e-002
 -5.2465716e-002
 -5.3232881e-002
 -5.4000046e-002
 -5.3829565e-002
 -5.2721437e-002
 -5.2039513e-002
 -5.1016625e-002
 -5.0078979e-002
 -4.9397054e-002
 -5.0164219e-002
 -5.0846144e-002
 -5.1783791e-002
 -5.2124753e-002
 -5.2636197e-002
 -5.3062400e-002
 -5.1528069e-002
 -5.0590422e-002
 -5.0760903e-002
 -5.0164219e-002
 -5.0249460e-002
 -5.1016625e-002
 -5.1698550e-002
 -5.2636197e-002
 -5.3403362e-002
 -5.4426249e-002
 -5.5022934e-002
 -5.4255768e-002
 -5.3829565e-002
 -5.3318122e-002
 -5.2721437e-002
 -5.1954272e-002
 -5.2380475e-002
 -5.3147640e-002
 -5.3744325e-002
 -5.3744325e-002
 -5.5278655e-002
 -5.5022934e-002
 -5.3914806e-002
 -5.3659084e-002
 -5.2465716e-002
 -5.1442828e-002
 -5.0590422e-002
 -5.1016625e-002
 -5.1357588e-002
 -5.2209994e-002
 -5.2550956e-002
 -5.4000046e-002
 -5.4085287e-002
 -5.2977159e-002
 -5.2209994e-002
 -5.1442828e-002
 -5.1101866e-002
 -5.0846144e-002
 -5.1101866e-002
 -5.2465716e-002
 -5.2891919e-002
 -5.3744325e-002
 -5.4596731e-002
 -5.5363896e-002
 -5.4937693e-002
 -5.4341009e-002
 -5.3318122e-002
 -5.3147640e-002
 -5.2295234e-002
 -5.2380475e-002
 -5.3659084e-002
 -5.4170528e-002
 -5.4511490e-002
 -5.5193415e-002
 -5.5449137e-002
 -5.4681971e-002
 -5.3829565e-002
 -5.2891919e-002
 -5.2465716e-002
 -5.1528069e-002
 -5.0760903e-002
 -5.1357588e-002
 -5.2124753e-002
 -5.2465716e-002
 -5.3232881e-002
 -5.3659084e-002
 -5.3318122e-002
 -5.2209994e-002
 -5.1357588e-002
 -5.1698550e-002
 -5.0675663e-002
 -5.0846144e-002
 -5.1698550e-002
 -5.2721437e-002
 -5.3232881e-002
 -5.3914806e-002
 -5.4767212e-002
 -5.4596731e-002
 -5.3744325e-002
 -5.3232881e-002
 -5.2891919e-002
 -5.1783791e-002
 -5.1783791e-002
 -5.3147640e-002
 -5.4085287e-002
 -5.4170528e-002
 -5.4852452e-002
 -5.5022934e-002
 -5.4000046e-002
 -5.2891919e-002
 -5.2550956e-002
 -5.1613310e-002
 -5.0846144e-002
 -4.9823257e-002
 -5.0164219e-002
 -5.1016625e-002
 -5.1442828e-002
 -5.1698550e-002
 -5.2295234e-002
 -5.2806678e-002
 -5.1357588e-002
 -5.0505182e-002
 -5.0078979e-002
 -4.9482294e-002
 -4.8970851e-002
 -4.9482294e-002
 -5.0675663e-002
 -5.1016625e-002
 -5.1613310e-002
 -5.2721437e-002
 -5.2891919e-002
 -5.2295234e-002
 -5.1698550e-002
 -5.1442828e-002
 -5.0505182e-002
 -5.0078979e-002
 -4.9567535e-002
 -5.1272347e-002
 -5.1783791e-002
 -5.1357588e-002
 -5.2636197e-002
 -5.2636197e-002
 -5.1442828e-002
 -5.0249460e-002
 -4.9397054e-002
 -4.8118445e-002
 -4.7521761e-002
 -4.7947964e-002
 -4.8118445e-002
 -4.8715129e-002
 -4.9056091e-002
 -5.0164219e-002
 -5.0675663e-002
 -4.8970851e-002
 -4.8033204e-002
 -4.7436520e-002
 -4.7266039e-002
 -4.6754595e-002
 -4.6839836e-002
 -4.7692242e-002
 -4.8118445e-002
 -4.8544648e-002
 -5.0419941e-002
 -5.0505182e-002
 -4.9908497e-002
 -4.9567535e-002
 -4.8629888e-002
 -4.7947964e-002
 -4.7266039e-002
 -4.6754595e-002
 -4.8288926e-002
 -4.9226573e-002
 -4.8970851e-002
 -4.9738016e-002
 -5.0078979e-002
 -4.8885610e-002
 -4.7607001e-002
 -4.6584114e-002
 -4.6584114e-002
 -4.5135024e-002
 -4.4794061e-002
 -4.5049783e-002
 -4.5902189e-002
 -4.6157911e-002
 -4.6839836e-002
 -4.7692242e-002
 -4.7351279e-002
 -4.6157911e-002
 -4.5475986e-002
 -4.5049783e-002
 -4.4453099e-002
 -4.4112137e-002
 -4.5731708e-002
 -4.6584114e-002
 -4.6669355e-002
 -4.7607001e-002
 -4.7947964e-002
 -4.8033204e-002
 -4.7351279e-002
 -4.6839836e-002
 -4.6243152e-002
 -4.5305505e-002
 -4.4453099e-002
 -4.5816949e-002
 -4.7010317e-002
 -4.7180798e-002
 -4.7607001e-002
 -4.8629888e-002
 -4.7947964e-002
 -4.6925076e-002
 -4.6243152e-002
 -4.5902189e-002
 -4.4282618e-002
 -4.4026896e-002
 -4.4367858e-002
 -4.4538340e-002
 -4.5390746e-002
 -4.5646467e-002
 -4.6839836e-002
 -4.6669355e-002
 -4.5305505e-002
 -4.4453099e-002
 -4.4112137e-002
 -4.3771174e-002
 -4.3089249e-002
 -4.3856415e-002
 -4.4453099e-002
 -4.5135024e-002
 -4.6328392e-002
 -4.7266039e-002
 -4.7351279e-002
 -4.6839836e-002
 -4.5987430e-002
 -4.5475986e-002
 -4.4538340e-002
 -4.4453099e-002
 -4.5135024e-002
 -4.6328392e-002
 -4.7010317e-002
 -4.7266039e-002
 -4.8288926e-002
 -4.8118445e-002
 -4.6925076e-002
 -4.6157911e-002
 -4.5390746e-002
 -4.4879302e-002
 -4.3856415e-002
 -4.4367858e-002
 -4.4623580e-002
 -4.5135024e-002
 -4.5646467e-002
 -4.6839836e-002
 -4.7266039e-002
 -4.5816949e-002
 -4.5390746e-002
 -4.4623580e-002
 -4.4453099e-002
 -4.3515452e-002
 -4.4282618e-002
 -4.5220264e-002
 -4.5987430e-002
 -4.6584114e-002
 -4.8033204e-002
 -4.8459407e-002
 -4.7862723e-002
